x0: 1
x1: 0
x10: 0
x11: 0
x12: 1
x13: 1
x15: 0
x16: -1
x17: 1
x18: -1
x2: 0
x3: 0
x4: -1
x5: -1
x6: -1
x7: 0
x8: 0
x9: 0
x13: 250.: true
x7: 120.: true
0.552511835786
x9: 120.: true
3.67536457832
x12: 150.: true
x11: 25.: true
7.56518737518
x10: 5.: true
9.83312510838
x17: 20.: true
x3: 5.: true
8.13551834424
x5: 5.: false
x1: 25.: false
5.97628877644
WARNING: for repeatability, setting FPU to use double precision

Start searching, please wait....
